2
66
-61
-20
87
18
-53
50
-18
28
0
82
-30
93
46
-20
35
-29
82
36
98
99
-87
-27
-66
-86
68
-51
-58
50
88
97
-59
78
99
22
98
-79
76
65
-14
-91
31
-66
11
18
9
-20
48
9
46
-46
-100
-96
69
-22
99
2
60
49
26
23
-37
90
9
-74
59
-45
-49
-58
10
-77
85
-90
-69
12
68
74
27
-36
-77
-12
17
8
-66
-96
53
-14
-34
-79
35
-64
-6
57
17
95
-56
-1
-77
14
-94
-49
86
-30
72
-35
-53
-32
-17
79
91
-41
-98
-58
100
35
52
-59
71
57
-3
25
69
-30
-67
-20
41
-64
20
87
87
35
-36
58
-86
-15
-93
-21
25
-58
49
96
-19
-23
29
-19
-31
21
-40
-61
-14
55
93
-34
-73
99
-100
-28
-93
-46
-8
33
4
63
-90
14
-35
41
75
-3
2
77
60
-49
66
-19
-84
-38
70
-72
-99
-59
-70
-63
-32
84
77
-1
10
-98
-12
-5
84
40
19
-2
19
69
-10
13
-16
14
37
79
34
10
-65
-87
-37
15
58
-24
-33
-17
-53
90
-8
44
-62
66
-29
-72
13
61
36
13
25
-96
-2
79
-98
-59
28
38
92
41
-35
-16
90
-38
21
-79
96
-39
80
28
100
-92
58
-76
0
55
71
-62
-11
7
-7
-39
-9
-39
-12
61
-99
37
86
1
68
-95
43
8
83
86
-88
-67
2
46
14
-51
16
35
-82
-45
-31
-29
10
44
-38
90
47
51
-69
68
14
1
49
-56
79
-73
-17
-23
-95
-41
-93
-13
0
54
43
-22
69
-41
-100
42
-35
-98
-14
13
-7
-74
34
-38
34
-96
-75
94
81
-90
99
49
-27
-63
13
94
-45
21
37
-69
1
-38
-23
-25
-9
95
-26
-31
55
-90
79
-39
63
29
20
-80
-30
-52
-11
-15
-77
-69
-31
38
40
-83
-33
38
-81
-94
-88
21
56
-15
-44
51
-48
-58
-13
-98
-4
-13
74
18
83
1
-27
4
-51
17
-6
-84
3
93
76
-91
-47
32
24
7
61
-74
86
-84
46
-77
67
-9
-32
26
-39
17
71
-61
-52
-98
-20
-6
-61
-62
81
0
38
94
-41
-82
-98
31
-47
82
-83
-76
39
-94
3
11
-41
-70
-76
-13
-23
33
-1
52
23
-33
47
-14
25
1
-22
-64
88
-58
69
11
-92
83
29
50
41
-80
-38
9
20
-43
50
47
-91
34
-77
-92
-44
-99
-70
53
79
95
-70
88
-29
55
22
-58
-58
-3
-51
-53
-13
-82
13
56
42
-85
-54
-11
43
95
37
-5
6
-89
-72
35
-95
-55
19
-47
37
61
92
-90
41
71
-7
-71
-36
25
-17
-73
-42
-32
-90
-15
-95
64
55
-32
22
-95
-60
-31
63
-84
22
34
62
43
-92
8
-9
58
-92
-62
-39
-62
-31
50
-39
42
83
-82
54
-1
55
82
66
-52
60
-58
15
71
91
6
-24
-46
-100
-12
-24
60
28
80
-90
-83
55
-29
47
71
-5
28
18
-80
-13
88
77
51
85
12
38
-42
-50
-36
-67
-69
11
81
-67
4
-82
75
41
-63
46
-26
73
-52
-46
-82
-56
-10
-55
7
-56
-58
-61
-96
-52
-52
19
16
81
-55
16
-41
-100
-95
-90
-18
88
99
-17
94
56
22
-37
22
-56
25
95
39
7
-18
46
52
-37
-3
0
94
-94
54
-15
-78
97
-59
-20
-7
64
-36
19
34
70
-55
-97
45
60
47
78
-86
-96
-74
-19
33
-57
-21
28
90
55
31
23
38
-45
77
-5
8
-8
-82
-20
-15
58
-58
-23
67
-44
4
-19
-43
-2
-41
-27
-10
32
-80
-56
-20
92
-87
-49
-91
-52
-53
72
33
-35
-73
-28
-95
74
-1
5
77
-86
-86
77
42
90
13
60
-31
49
11
-21
-35
-70
4
1
-64
-34
-96
65
12
-34
-41
93
-12
16
27
28
-36
-89
-74
-22
45
22
9
-49
-81
-56
-42
20
52
-3
80
71
-76
11
-10
-39
-32
34
-93
-82
-100
-86
-12
34
-16
2
60
-13
57
42
-31
84
-33
-61
79
-89
-13
44
-93
-80
-9
58
58
20
-54
22
45
-17
45
-42
3
-67
34
24
-87
19
71
78
-19
-32
45
-84
88
-42
-58
55
21
-62
23
-74
79
1
18
-51
79
-3
-2
25
77
-13
-18
83
-54
9
21
-53
74
-38
-75
-45
75
7
82
-84
-52
-83
52
100
-57
-80
-74
-34
-33
-79
81
15
4
23
63
29
-25
-93
32
-36
-46
-6
67
-4
15
43
-48
55
61
-65
-24
1
-18
43
-25
-96
-14
-58
-16
38
-78
61
-22
2
-50
72
-74
71
93
5
-79
-37
-44
-3
73
37
96
25
39
-96
48
-94
2
13
-99
-87
61
18
-9
27
-3
35
-29
60
-65
80
70
19
14
-61
-12
22
-56
79
85
-51
-22
31
-71
29
-44
-15
-59
-28
-45
36
59
-12
35
-40
17
-80
47
36
92
21
36
-84
-14
49
72
-38
15
-7
-96
32
19
24
-36
31
94
-52
16
33
-97
-91
65
-3
64
39
-26
-61
-90
-64
-78
-76
-56
-50
95
2
74
-99
-99
32
-47
100
-98
6
-20
96
98
16
72
-76
-29
-17
53
98
-47
-78
42
36
-85
9
-72
41
-9
54
40
54
-12
21
-12
-23
-52
86
-99
-19
-20
31
-27
57
26
-7
59
64
-32
-24
28
45
46
45
-50
79
-75
84
0
-7
-80
-35
-31
82
37
77
50
88
-69
36
16
92
9
17
84
-18
-73
-68
11
12
-47
-2
-13
-34
28